2008/7/28 13:42:02:05 64 05 00 01 00 4B 00 4B DD

2008/7/28 13:42:03:
05 64 FF 44 01 00 4B 00 3F EB 
40 A0 81 04 00 
20 04 17 01 01 01 F0 6B 75 16 80 69 1B 01 
20 04 17 01 01 01 38 6D 5B 1A 80 69 1B 01 
20 04 17 01 01 01 80 6E 45 1E 80 69 1B 01 
20 04 17 01 01 01 C0 6F 2B 22 80 69 1B 01 
20 04 17 01 01 01 10 71 13 26 80 69 1B 01 
20 04 17 01 01 01 58 72 FD 29 80 69 1B 01 
20 04 17 01 01 01 98 73 E9 2D 80 69 1B 01 
20 04 17 01 01 01 E0 74 CE 31 80 69 1B 01 
20 04 17 01 01 01 20 76 B3 35 80 69 1B 01 
20 04 17 01 01 01 60 77 A1 39 80 69 1B 01 
20 04 17 01 01 01 B0 78 86 3D 80 69 1B 01 
20 04 17 01 01 01 00 7A 74 41 80 69 1B 01 
20 04 17 01 01 01 30 7B 59 45 80 69 1B 01 
20 04 17 01 01 01 80 7C 43 49 80 69 1B 01 
20 04 17 01 01 01 C8 7D 2F 4D 80 69 1B 01 
20 04 17 01 01 01 08 7F 14 51 80 69 1B 01 
20 04 17 01 01 01 10 01 FD 54 80 69 1B 01 
20 04 17 01 01 01 60 02 E1 58 80 69 1B 01
2008/7/28 13:42:03:
05 64 FF 44 01 00 4B 00 3F EB 
01 

02 E1 58 80 69 1B 01 
20 04 17 01 01 01 98 03 CA 5C 80 69 1B 01 
20 04 17 01 01 01 E0 04 B8 60 80 69 1B 01 
20 04 17 01 01 01 28 06 97 64 80 69 1B 01 
20 04 17 01 01 01 70 07 82 68 80 69 1B 01  
20 04 17 01 01 01 B0 08 72 6C 80 69 1B 01 
20 04 17 01 01 01 F8 09 51 70 80 69 1B 01 20 04 17 01  
01 01 40 0B 38 74 80 69 1B 01 20 04 17 01 01 01  
80 0C 28 78 80 69 1B 01 20 04 17 01 01 01 C8 0D  
0E 7C 80 69 1B 01 20 04 17 01 01 01 10 0F F0 7F  
80 69 1B 01 20 04 17 01 01 01 60 10 DB 83 80 69  
1B 01 20 04 17 01 01 01 90 11 C5 87 80 69 1B 01  
20 04 17 01 01 01 E0 12 AF 8B 80 69 1B 01 20 04  
17 01 01 01 28 14 99 8F 80 69 1B 01 20 04 17 01  
01 01 68 15 7E 93 80 69 1B 01 20 04 17 01 01 01  
B0 16 67 97 80 69 1B 01 20 04 17 01 01 01 F8 17  
4A 9B 80 69 1B 01 20 04 17 01
2008/7/28 13:42:03:
05 64 FF 44 01 00 4B 00 3F EB 
02 01 01 48 19 37 9F 80 69 1B 01 20 04 17 01 01  
01 88 1A 20 A3 80 69 1B 01 20 04 17 01 01 01 C0  
1B 05 A7 80 69 1B 01 20 04 17 01 01 01 08 1D EA  
AA 80 69 1B 01 20 04 17 01 01 01 58 1E DA AE 80  
69 1B 01 20 04 17 01 01 01 98 1F C1 B2 80 69 1B  
01 20 04 17 01 01 01 E0 20 A7 B6 80 69 1B 01 20  
04 17 01 01 01 20 22 97 BA 80 69 1B 01 20 04 17  
01 01 01 70 23 7B BE 80 69 1B 01 20 04 17 01 01  
01 B8 24 66 C2 80 69 1B 01 20 04 17 01 01 01 F0  
25 4D C6 80 69 1B 01 20 04 17 01 01 01 30 27 31  
CA 80 69 1B 01 20 04 17 01 01 01 80 28 16 CE 80  
69 1B 01 20 04 17 01 01 01 C8 29 07 D2 80 69 1B  
01 20 04 17 01 01 01 08 2B E9 D5 80 69 1B 01 20  
04 17 01 01 01 50 2C D4 D9 80 69 1B 01 20 04 17  
01 01 01 98 2D BA DD 80 69 1B 01 20 04 17 01 01  
01 D8 2E A7 E1 80 69 1B 01 20 C3 C8
2008/7/28 13:42:03:
05 64 FF 44 01 00 4B 00 3F EB 
03 04 17 01 01 01 20 30 87 E5 80 69 1B 01 20 04  
17 01 01 01 70 31 72 E9 80 69 1B 01 20 04 17 01  
01 01 B8 32 61 ED 80 69 1B 01 20 04 17 01 01 01  
F8 33 41 F1 80 69 1B 01 20 04 17 01 01 01 40 35  
2F F5 80 69 1B 01 20 04 17 01 01 01 80 36 0E F9  
80 69 1B 01 20 04 17 01 01 01 C0 37 F6 FC 80 69  
1B 01 20 04 17 01 01 01 08 39 E1 00 81 69 1B 01  
20 04 17 01 01 01 58 3A CE 04 81 69 1B 01 20 04  
17 01 01 01 88 3B B8 08 81 69 1B 01 20 04 17 01  
01 01 D8 3C A0 0C 81 69 1B 01 20 04 17 01 01 01  
20 3E 82 10 81 69 1B 01 20 04 17 01 01 01 70 3F  
68 14 81 69 1B 01 20 04 17 01 01 01 B0 40 54 18  
81 69 1B 01 20 04 17 01 01 01 F0 41 46 1C 81 69  
1B 01 20 04 17 01 01 01 40 43 26 20 81 69 1B 01  
20 04 17 01 01 01 80 44 0B 24 81 69 1B 01 20 04  
17 01 01 01 D0 45 F5 27 81 69 0B 42
2008/7/28 13:42:03:
05 64 FF 44 01 00 4B 00 3F EB 
04 1B 01 20 04 17 01 01 01 18 47 DA 2B 81 69 1B  
01 20 04 17 01 01 01 50 48 C6 2F 81 69 1B 01 20  
04 17 01 01 01 90 49 A9 33 81 69 1B 01 20 04 17  
01 01 01 E0 4A 91 37 81 69 1B 01 20 04 17 01 01  
01 28 4C 7C 3B 81 69 1B 01 20 04 17 01 01 01 68  
4D 67 3F 81 69 1B 01 20 04 17 01 01 01 B0 4E 4A  
43 81 69 1B 01 20 04 17 01 01 01 F8 4F 3C 47 81  
69 1B 01 20 04 17 01 01 01 38 51 1C 4B 81 69 1B  
01 20 04 17 01 01 01 80 52 0C 4F 81 69 1B 01 20  
04 17 01 01 01 C8 53 EF 52 81 69 1B 01 20 04 17  
01 01 01 00 55 D1 56 81 69 1B 01 20 04 17 01 01  
01 50 56 BC 5A 81 69 1B 01 20 04 17 01 01 01 A0  
57 A3 5E 81 69 1B 01 20 04 17 01 01 01 E0 58 8A  
62 81 69 1B 01 20 04 17 01 01 01 20 5A 75 66 81  
69 1B 01 20 04 17 01 01 01 70 5B 65 6A 81 69 1B  
01 20 04 17 01 01 01 A8 5C 44 44 AD
2008/7/28 13:42:03:
05 64 FF 44 01 00 4B 00 3F EB 
05 6E 81 69 1B 01 20 04 17 01 01 01 E8 5D 30 72  
81 69 1B 01 20 04 17 01 01 01 48 5F 18 76 81 69  
1B 01 20 04 17 01 01 01 88 60 00 7A 81 69 1B 01  
20 04 17 01 01 01 C0 61 F0 7D 81 69 1B 01 20 04  
17 01 01 01 08 63 CB 81 81 69 1B 01 20 04 17 01  
01 01 50 64 B5 85 81 69 1B 01 20 04 17 01 01 01  
A0 65 A7 89 81 69 1B 01 20 04 17 01 01 01 E0 66  
8B 8D 81 69 1B 01 20 04 17 01 01 01 28 68 6F 91  
81 69 1B 01 20 04 17 01 01 01 68 69 58 95 81 69  
1B 01 20 04 17 01 01 01 B0 6A 4A 99 81 69 1B 01  
20 04 17 01 01 01 F0 6B 2E 9D 81 69 1B 01 20 04  
17 01 01 01 38 6D 13 A1 81 69 1B 01 20 04 17 01  
01 01 78 6E 03 A5 81 69 1B 01 20 04 17 01 01 01  
C8 6F E6 A8 81 69 1B 01 20 04 17 01 01 01 10 71  
CC AC 81 69 1B 01 20 04 17 01 01 01 58 72 BE B0  
81 69 1B 01 20 04 17 01 01 01 A1 BC
2008/7/28 13:42:03:
05 64 FF 44 01 00 4B 00 3F EB 
06 90 73 9C B4 81 69 1B 01 20 04 17 01 01 01 D8  
74 86 B8 81 69 1B 01 20 04 17 01 01 01 30 76 68  
BC 81 69 1B 01 20 04 17 01 01 01 60 77 55 C0 81  
69 1B 01 20 04 17 01 01 01 B0 78 41 C4 81 69 1B  
01 20 04 17 01 01 01 F8 79 23 C8 81 69 1B 01 20  
04 17 01 01 01 30 7B 16 CC 81 69 1B 01 20 04 17  
01 01 01 80 7C F2 CF 81 69 1B 01 20 04 17 01 01  
01 C8 7D D9 D3 81 69 1B 01 20 04 17 01 01 01 10  
7F C5 D7 81 69 1B 01 20 04 17 01 01 01 10 01 B3  
DB 81 69 1B 01 20 04 17 01 01 01 50 02 92 DF 81  
69 1B 01 20 04 17 01 01 01 98 03 80 E3 81 69 1B  
01 20 04 17 01 01 01 D8 04 63 E7 81 69 1B 01 20  
04 17 01 01 01 30 06 4E EB 81 69 1B 01 20 04 17  
01 01 01 70 07 3B EF 81 69 1B 01 20 04 17 01 01  
01 B8 08 1B F3 81 69 1B 01 20 04 17 01 01 01 F8  
09 0D F7 81 69 1B 01 20 04 17 EB 46
2008/7/28 13:42:03:
05 64 FF 44 01 00 4B 00 3F EB 
07 01 01 01 38 0B EC FA 81 69 1B 01 20 04 17 01  
01 01 88 0C D7 FE 81 69 1B 01 20 04 17 01 01 01  
C8 0D BE 02 82 69 1B 01 20 04 17 01 01 01 10 0F  
B1 06 82 69 1B 01 20 04 17 01 01 01 58 10 97 0A  
82 69 1B 01 20 04 17 01 01 01 A0 11 77 0E 82 69  
1B 01 20 04 17 01 01 01 E0 12 5D 12 82 69 1B 01  
20 04 17 01 01 01 28 14 45 16 82 69 1B 01 20 04  
17 01 01 01 70 15 2D 1A 82 69 1B 01 20 04 17 01  
01 01 A8 16 1C 1E 82 69 1B 01 20 04 17 01 01 01  
00 18 FE 21 82 69 1B 01 20 04 17 01 01 01 48 19  
E9 25 82 69 1B 01 20 04 17 01 01 01 80 1A D7 29  
82 69 1B 01 20 04 17 01 01 01 C8 1B BE 2D 82 69  
1B 01 20 04 17 01 01 01 18 1D 9D 31 82 69 1B 01  
20 04 17 01 01 01 50 1E 88 35 82 69 1B 01 20 04  
17 01 01 01 90 1F 74 39 82 69 1B 01 20 04 17 01  
01 01 E8 20 62 3D 82 69 1B 01 2A 25
2008/7/28 13:42:03:
05 64 30 44 01 00 4B 00 23 10 
88 20 04 17 01 01 01 20 22 44 41 82 69 1B 01 20  
04 17 01 01 01 70 23 2E 45 82 69 1B 01 20 04 17  
01 01 01 B0 24 12 49 82 69 1B 01 AB 07